C1 = 0.5792;
C2 = 0.1584;